$HIY$
88888888
  88    88
  88      88  8888  8888    888888      8888  88    888888   8888  8888
  88      88    8888      8       88  88    8888  88      88   8888    88
  88      88    88          88888888  88      88  88      88   88      88
  88      88    88        88      88  88      88  88      88   88      88
  88    88      88        88      88  88      88  88      88   88      88
88888888      8888888888    88888888    88888888    888888   888888  8888
                                              88
                                        888888       $NOR$$HIG$
    888888             $HIC$Dragon Quest : 追寻逝去de时光$NOR$$HIG$
  88      88                                                    88
  88      88    8888    8888      888888        8888888     8888888888
  88      88      88      88    88      88    88       8       88
  88      88      88      88    8888888888      888888         88
  88      88      88      88    88                    88       88
  88      88      88    8888    88            88      88       88
    888888          8888  88      88888888    88888888           888888
      888888
$NOR$                推荐使用 mudlet 或 tintin++ 客户端进行游戏

$HIR$*$NOR$ 官方QQ群：$HIB$285533476$NOR$  $HIR$*$NOR$ 官方网站：$HIB$www.mud.ren$NOR$
$HIR$*$NOR$ 请登录游戏后输入“$HIG$help tutorial$NOR$”查看游戏指南^_^
